SAMPLE	Ia-10	Ia-1	Ia-2	Ia-3	Ia-4	Ia-5	Ia-6	Ia-7	Ia-8	Ia-9	Ib-10	Ib-1	Ib-2	Ib-3	Ib-4	Ib-5	Ib-6	Ib-7	Ib-8	Ib-9	II-1	IIa-10	IIa-1	IIa-2	IIa-3	IIa-4	IIa-5	IIa-6	IIa-7	IIa-8	IIa-9	IIb-10	IIb-1	IIb-2	IIb-3	IIb-4	IIb-5	IIb-6	IIb-7	IIb-8	IIb-9
Ia-10	0.000338852	0.00681984	0.0153465	0.00819683	0.0924389	0.180361	0.00942439	0.0214913	0.0117822	0.0200036	0.179155	0.191968	0.0265242	0.0407317	0.0465109	0.0359882	0.028451	0.201386	0.0352573	0.200086	0.193075	0.198293	0.0436961	0.202067	0.201486	0.195607	0.202537	0.196577	0.196577	0.0814698	0.196849	0.184278	0.182735	0.184188	0.184394	0.184137	0.184182	0.184182	0.184163	0.1844	0.184182
Ia-1	0.00681984	0.000401795	0.0114182	0.00164086	0.0896112	0.17864	0.00663322	0.0196221	0.0105696	0.0117618	0.1808	0.194474	0.0201488	0.0348285	0.0415398	0.0368495	0.0218196	0.201315	0.0358766	0.199979	0.197808	0.199222	0.0442746	0.202016	0.203619	0.197436	0.204731	0.19845	0.19845	0.0818903	0.198722	0.18612	0.186864	0.188003	0.186235	0.187952	0.187997	0.186024	0.186005	0.186242	0.186024
Ia-2	0.0153465	0.0114182	0.000455558	0.012078	0.0867084	0.184743	0.00658947	0.0191227	0.0143717	0.0161981	0.184384	0.200105	0.0219164	0.0306109	0.0433411	0.028067	0.0220205	0.213117	0.032909	0.212214	0.20039	0.203292	0.0402848	0.210144	0.208305	0.201415	0.209572	0.202523	0.202523	0.0795378	0.202794	0.198425	0.196801	0.201047	0.198539	0.200997	0.201041	0.19833	0.198311	0.198545	0.19833
Ia-3	0.00819683	0.00164086	0.012078	0.000408649	0.0894737	0.178633	0.00814998	0.0191227	0.0123296	0.0137641	0.182565	0.194467	0.0228542	0.0393518	0.0470296	0.0363252	0.0247409	0.201308	0.0391341	0.199969	0.199096	0.200208	0.0453732	0.203081	0.204745	0.19939	0.204727	0.199437	0.199437	0.0830877	0.199708	0.187094	0.187978	0.189027	0.18721	0.188976	0.189021	0.186998	0.186979	0.187216	0.186998
Ia-4	0.0924389	0.0896112	0.0867084	0.0894737	8.9407e-05	0.116426	0.0869889	0.12844	0.0964635	0.116138	0.118727	0.117246	0.102106	0.106394	0.120986	0.114382	0.104604	0.123583	0.0674435	0.101023	0.125783	0.133842	0.119231	0.134353	0.133738	0.132956	0.132931	0.133009	0.133009	0.140244	0.133303	0.122221	0.117735	0.122522	0.122338	0.122463	0.122515	0.122123	0.122109	0.122345	0.122123
Ia-5	0.180361	0.17864	0.184743	0.178633	0.116426	0	0.180283	0.196161	0.191454	0.190284	0.00196964	0.00348026	0.198797	0.217528	0.221593	0.211507	0.2016	0.00173366	0.206873	0.0126312	0.00503421	0.0135827	0.192382	0.0127886	0.01404	0.0139894	0.0140176	0.0140318	0.0140318	0.177678	0.0138936	0.00564969	0.0079779	0.0057587	0.00571328	0.00561792	0.00558704	0.00573957	0.00591695	0.0057252	0.00573957
Ia-6	0.00942439	0.00663322	0.00658947	0.00814998	0.0869889	0.180283	0.000430882	0.0105696	0.0133112	0.009345	0.178259	0.190668	0.0235121	0.0324682	0.0452245	0.025741	0.0236726	0.204334	0.0307912	0.19994	0.191886	0.197299	0.0396326	0.204171	0.200392	0.194654	0.201415	0.195603	0.195603	0.0790652	0.195875	0.190168	0.187978	0.192267	0.190283	0.192216	0.192261	0.190072	0.190053	0.190289	0.190072
Ia-7	0.0214913	0.0196221	0.0191227	0.0191227	0.12844	0.196161	0.0105696	0.000656605	0.0218196	0.00964832	0.189896	0.206109	0.0395444	0.0646709	0.0646709	0.0245181	0.0406958	0.226617	0.0357945	0.234455	0.199833	0.203824	0.0432983	0.212267	0.207742	0.201905	0.207718	0.201957	0.201957	0.0857361	0.202232	0.197852	0.196199	0.200467	0.197967	0.200416	0.200461	0.197755	0.197742	0.197973	0.197755
Ia-8	0.0117822	0.0105696	0.0143717	0.0123296	0.0964635	0.191454	0.0133112	0.0218196	0.000447035	0.0286189	0.186817	0.204462	0.0279222	0.0522074	0.0446057	0.0384417	0.0319163	0.226713	0.0392464	0.246773	0.209051	0.208615	0.0449162	0.218323	0.211777	0.204214	0.213174	0.205426	0.205426	0.0859413	0.205699	0.192998	0.196286	0.196536	0.19312	0.196485	0.19653	0.192901	0.192888	0.19312	0.192901
Ia-9	0.0200036	0.0117618	0.0161981	0.0137641	0.116138	0.190284	0.009345	0.00964832	0.0286189	0.000577033	0.187789	0.206144	0.0256901	0.0378796	0.0571928	0.0262964	0.0259799	0.214585	0.0329662	0.21462	0.198527	0.201682	0.0429878	0.204736	0.206532	0.199823	0.207751	0.200914	0.200914	0.083284	0.201189	0.196588	0.194842	0.199114	0.196703	0.199062	0.199107	0.196491	0.196478	0.19671	0.196491
Ib-10	0.179155	0.1808	0.184384	0.182565	0.118727	0.00196964	0.178259	0.189896	0.186817	0.187789	0	0.00310731	0.191027	0.209287	0.212422	0.199819	0.194551	0.00142908	0.195171	0.0118121	0.00510448	0.0135518	0.183872	0.0130419	0.013444	0.0133884	0.0134339	0.0134363	0.0134363	0.173112	0.0136191	0.00577414	0.00754458	0.00589436	0.00584602	0.0056892	0.00572127	0.00586486	0.00605279	0.00585002	0.00586486
Ib-1	0.191968	0.194474	0.200105	0.194467	0.117246	0.00348026	0.190668	0.206109	0.204462	0.206144	0.00310731	0	0.201052	0.226896	0.232986	0.207916	0.204327	0.00278866	0.203275	0.0153129	0.00718462	0.0159594	0.19763	0.0155792	0.0164844	0.0164781	0.0164608	0.0165224	0.0165224	0.181426	0.0163091	0.0078662	0.0105149	0.00800234	0.00792831	0.00777948	0.00781268	0.00796789	0.00816399	0.00794482	0.00796789
Ib-2	0.0265242	0.0201488	0.0219164	0.0228542	0.102106	0.198797	0.0235121	0.0395444	0.0279222	0.0256901	0.191027	0.201052	0.000675261	0.0144368	0.0191227	0.0177478	0.00524092	0.207004	0.0260307	0.214562	0.218616	0.216925	0.0515684	0.218263	0.222901	0.213136	0.216106	0.214651	0.214651	0.0938246	0.213454	0.210093	0.213713	0.213741	0.210207	0.213691	0.213735	0.209998	0.211818	0.210213	0.209998
Ib-3	0.0407317	0.0348285	0.0306109	0.0393518	0.106394	0.217528	0.0324682	0.0646709	0.0522074	0.0378796	0.209287	0.226896	0.0144368	0.00111985	0.0150501	0.0299281	0.0110161	0.229476	0.0426947	0.214425	0.241866	0.239394	0.0764069	0.236464	0.256017	0.235929	0.241494	0.238666	0.238666	0.118324	0.236238	0.245494	0.241367	0.245403	0.245603	0.245354	0.245397	0.245403	0.245391	0.245609	0.245403
Ib-4	0.0465109	0.0415398	0.0433411	0.0470296	0.120986	0.221593	0.0452245	0.0646709	0.0446057	0.0571928	0.212422	0.232986	0.0191227	0.0150501	0.00102359	0.0333455	0.0157183	0.235566	0.0503377	0.233733	0.269997	0.244806	0.0830877	0.241454	0.265542	0.2409	0.247439	0.244084	0.244084	0.124621	0.241207	0.261589	0.257585	0.261511	0.261704	0.261469	0.261511	0.261499	0.261481	0.261704	0.261499
Ib-5	0.0359882	0.0368495	0.028067	0.0363252	0.114382	0.211507	0.025741	0.0245181	0.0384417	0.0262964	0.199819	0.207916	0.0177478	0.0299281	0.0333455	0.000761628	0.020653	0.226598	0.0246087	0.234427	0.214448	0.218488	0.0500566	0.225329	0.222878	0.214576	0.214553	0.214628	0.214628	0.0950887	0.213431	0.211901	0.211549	0.215738	0.212014	0.215687	0.215731	0.211806	0.211793	0.21202	0.211806
Ib-6	0.028451	0.0218196	0.0220205	0.0247409	0.104604	0.2016	0.0236726	0.0406958	0.0319163	0.0259799	0.194551	0.204327	0.00524092	0.0110161	0.0157183	0.020653	0.000761628	0.208732	0.0262964	0.214523	0.223241	0.218492	0.0541263	0.218245	0.226772	0.216111	0.219329	0.217745	0.217745	0.0952034	0.216428	0.217976	0.215966	0.22013	0.218089	0.22008	0.220124	0.217882	0.217869	0.218095	0.217882
Ib-7	0.201386	0.201315	0.213117	0.201308	0.123583	0.00173366	0.204334	0.226617	0.226713	0.214585	0.00142908	0.00278866	0.207004	0.229476	0.235566	0.226598	0.208732	0	0.219536	0.0113343	0.00516182	0.0137784	0.215554	0.0130954	0.0143017	0.014296	0.0142791	0.0143388	0.0143388	0.190693	0.0140984	0.00563413	0.00809813	0.00573897	0.00569427	0.00560606	0.00556594	0.00572473	0.00591266	0.0057103	0.00572473
Ib-8	0.0352573	0.0358766	0.032909	0.0391341	0.0674435	0.206873	0.0307912	0.0357945	0.0392464	0.0329662	0.195171	0.203275	0.0260307	0.0426947	0.0503377	0.0246087	0.0262964	0.219536	0.000438809	0.230246	0.213118	0.211727	0.0499184	0.220485	0.216686	0.208323	0.210897	0.209647	0.209647	0.0896993	0.209915	0.205648	0.204631	0.208832	0.205754	0.208782	0.208826	0.205554	0.205535	0.205766	0.205554
Ib-9	0.200086	0.199979	0.212214	0.199969	0.101023	0.0126312	0.19994	0.234455	0.246773	0.21462	0.0118121	0.0153129	0.214562	0.214425	0.233733	0.234427	0.214523	0.0113343	0.230246	0	0.0173323	0.0265777	0.230824	0.0263575	0.0270336	0.0270238	0.0270045	0.0270761	0.0270761	0.186794	0.026906	0.017269	0.0193608	0.0171932	0.0173588	0.0171505	0.0171885	0.0174299	0.0176576	0.0173588	0.0174299
II-1	0.193075	0.197808	0.20039	0.199096	0.125783	0.00503421	0.191886	0.199833	0.209051	0.198527	0.00510448	0.00718462	0.218616	0.241866	0.269997	0.214448	0.223241	0.00516182	0.213118	0.0173323	0	0.0106969	0.18808	0.00949341	0.0107002	0.0107738	0.01081	0.010736	0.010736	0.174426	0.0106898	0.00181538	0.00492036	0.00212991	0.00176543	0.00190705	0.00187373	0.00189006	0.00213939	0.00174093	0.00189006
IIa-10	0.198293	0.199222	0.203292	0.200208	0.133842	0.0135827	0.197299	0.203824	0.208615	0.201682	0.0135518	0.0159594	0.216925	0.239394	0.244806	0.218488	0.218492	0.0137784	0.211727	0.0265777	0.0106969	0	0.156859	0.00155568	0.00164688	0.001656	0.00166821	0.00161338	0.00161338	0.129623	0.00136858	0.0113198	0.0142878	0.0115579	0.01142	0.0112451	0.0112712	0.0114052	0.0116681	0.0113801	0.0114052
IIa-1	0.0436961	0.0442746	0.0402848	0.0453732	0.119231	0.192382	0.0396326	0.0432983	0.0449162	0.0429878	0.183872	0.19763	0.0515684	0.0764069	0.0830877	0.0500566	0.0541263	0.215554	0.0499184	0.230824	0.18808	0.156859	0.000199616	0.15909	0.159243	0.160366	0.161913	0.15537	0.15537	0.0331578	0.157393	0.180232	0.178402	0.182694	0.181179	0.182643	0.182688	0.180136	0.180116	0.181186	0.180136
IIa-2	0.202067	0.202016	0.210144	0.203081	0.134353	0.0127886	0.204171	0.212267	0.218323	0.204736	0.0130419	0.0155792	0.218263	0.236464	0.241454	0.225329	0.218245	0.0130954	0.220485	0.0263575	0.00949341	0.00155568	0.15909	0	0.00190693	0.00191623	0.00192863	0.0018729	0.0018729	0.137236	0.00182998	0.0102381	0.0133487	0.010532	0.0102967	0.0102992	0.0102604	0.0103205	0.0105762	0.0102984	0.0103205
IIa-3	0.201486	0.203619	0.208305	0.204745	0.133738	0.01404	0.200392	0.207742	0.211777	0.206532	0.013444	0.0164844	0.222901	0.256017	0.265542	0.222878	0.226772	0.0143017	0.216686	0.0270336	0.0107002	0.00164688	0.159243	0.00190693	0	7.43866e-05	8.58903e-05	3.42727e-05	3.42727e-05	0.133693	0.00127792	0.0114747	0.0136852	0.0117224	0.0115343	0.0114041	0.0114306	0.0115617	0.0118294	0.0115358	0.0115617
IIa-4	0.195607	0.197436	0.201415	0.19939	0.132956	0.0139894	0.194654	0.201905	0.204214	0.199823	0.0133884	0.0164781	0.213136	0.235929	0.2409	0.214576	0.216111	0.014296	0.208323	0.0270238	0.0107738	0.001656	0.160366	0.00191623	7.43866e-05	0	2.86102e-05	4.28557e-05	4.28557e-05	0.13407	0.00127524	0.0115658	0.0137855	0.0118144	0.0116204	0.0114952	0.0115217	0.0116531	0.0119216	0.0116218	0.0116531
IIa-5	0.202537	0.204731	0.209572	0.204727	0.132931	0.0140176	0.201415	0.207718	0.213174	0.207751	0.0134339	0.0164608	0.216106	0.241494	0.247439	0.214553	0.219329	0.0142791	0.210897	0.0270045	0.01081	0.00166821	0.161913	0.00192863	8.58903e-05	2.86102e-05	0	5.43594e-05	5.43594e-05	0.135044	0.00129908	0.0116032	0.0138271	0.0118521	0.0116578	0.0115327	0.0115591	0.0116907	0.0119594	0.0116593	0.0116907
IIa-6	0.196577	0.19845	0.202523	0.199437	0.133009	0.0140318	0.195603	0.201957	0.205426	0.200914	0.0134363	0.0165224	0.214651	0.238666	0.244084	0.214628	0.217745	0.0143388	0.209647	0.0270761	0.010736	0.00161338	0.15537	0.0018729	3.42727e-05	4.28557e-05	5.43594e-05	0	0	0.131657	0.00124472	0.011511	0.0137231	0.0117588	0.0115706	0.0114405	0.0114669	0.0115981	0.0118658	0.0115721	0.0115981
IIa-7	0.196577	0.19845	0.202523	0.199437	0.133009	0.0140318	0.195603	0.201957	0.205426	0.200914	0.0134363	0.0165224	0.214651	0.238666	0.244084	0.214628	0.217745	0.0143388	0.209647	0.0270761	0.010736	0.00161338	0.15537	0.0018729	3.42727e-05	4.28557e-05	5.43594e-05	0	0	0.131657	0.00124472	0.011511	0.0137231	0.0117588	0.0115706	0.0114405	0.0114669	0.0115981	0.0118658	0.0115721	0.0115981
IIa-8	0.0814698	0.0818903	0.0795378	0.0830877	0.140244	0.177678	0.0790652	0.0857361	0.0859413	0.083284	0.173112	0.181426	0.0938246	0.118324	0.124621	0.0950887	0.0952034	0.190693	0.0896993	0.186794	0.174426	0.129623	0.0331578	0.137236	0.133693	0.13407	0.135044	0.131657	0.131657	6.64592e-05	0.130674	0.166528	0.170849	0.167564	0.167195	0.167509	0.167558	0.164811	0.164799	0.167201	0.164811
IIa-9	0.196849	0.198722	0.202794	0.199708	0.133303	0.0138936	0.195875	0.202232	0.205699	0.201189	0.0136191	0.0163091	0.213454	0.236238	0.241207	0.213431	0.216428	0.0140984	0.209915	0.026906	0.0106898	0.00136858	0.157393	0.00182998	0.00127792	0.00127524	0.00129908	0.00124472	0.00124472	0.130674	0	0.0113271	0.0142076	0.0115721	0.0114132	0.0112569	0.0112832	0.0114132	0.0116782	0.0113878	0.0114132
IIb-10	0.184278	0.18612	0.198425	0.187094	0.122221	0.00564969	0.190168	0.197852	0.192998	0.196588	0.00577414	0.0078662	0.210093	0.245494	0.261589	0.211901	0.217976	0.00563413	0.205648	0.017269	0.00181538	0.0113198	0.180232	0.0102381	0.0114747	0.0115658	0.0116032	0.011511	0.011511	0.166528	0.0113271	0	0.00305933	0.000402749	0.00014621	0.000189185	0.000158131	7.31945e-05	0.000309587	8.07047e-05	7.31945e-05
IIb-1	0.182735	0.186864	0.196801	0.187978	0.117735	0.0079779	0.187978	0.196199	0.196286	0.194842	0.00754458	0.0105149	0.213713	0.241367	0.257585	0.211549	0.215966	0.00809813	0.204631	0.0193608	0.00492036	0.0142878	0.178402	0.0133487	0.0136852	0.0137855	0.0138271	0.0137231	0.0137231	0.170849	0.0142076	0.00305933	0	0.00317705	0.0031324	0.00285727	0.00288987	0.00314242	0.00340712	0.00314111	0.00314242
IIb-2	0.184188	0.188003	0.201047	0.189027	0.122522	0.0057587	0.192267	0.200467	0.196536	0.199114	0.00589436	0.00800234	0.213741	0.245403	0.261511	0.215738	0.22013	0.00573897	0.208832	0.0171932	0.00212991	0.0115579	0.182694	0.010532	0.0117224	0.0118144	0.0118521	0.0117588	0.0117588	0.167564	0.0115721	0.000402749	0.00317705	0	0.000546396	0.000286758	0.000255525	0.000473499	0.000646114	0.000479877	0.000473499
IIb-3	0.184394	0.186235	0.198539	0.18721	0.122338	0.00571328	0.190283	0.197967	0.19312	0.196703	0.00584602	0.00792831	0.210207	0.245603	0.261704	0.212014	0.218089	0.00569427	0.205754	0.0173588	0.00176543	0.01142	0.181179	0.0102967	0.0115343	0.0116204	0.0116578	0.0115706	0.0115706	0.167195	0.0114132	0.00014621	0.0031324	0.000546396	0	0.000332296	0.000301063	0.000215888	0.000453055	6.90818e-05	0.000215888
IIb-4	0.184137	0.187952	0.200997	0.188976	0.122463	0.00561792	0.192216	0.200416	0.196485	0.199062	0.0056892	0.00777948	0.213691	0.245354	0.261469	0.215687	0.22008	0.00560606	0.208782	0.0171505	0.00190705	0.0112451	0.182643	0.0102992	0.0114041	0.0114952	0.0115327	0.0114405	0.0114405	0.167509	0.0112569	0.000189185	0.00285727	0.000286758	0.000332296	0	3.47495e-05	0.000259221	0.00049746	0.000266194	0.000259221
IIb-5	0.184182	0.187997	0.201041	0.189021	0.122515	0.00558704	0.192261	0.200461	0.19653	0.199107	0.00572127	0.00781268	0.213735	0.245397	0.261511	0.215731	0.220124	0.00556594	0.208826	0.0171885	0.00187373	0.0112712	0.182688	0.0102604	0.0114306	0.0115217	0.0115591	0.0114669	0.0114669	0.167558	0.0112832	0.000158131	0.00288987	0.000255525	0.000301063	3.47495e-05	0	0.000228047	0.00046593	0.00023514	0.000228047
IIb-6	0.184182	0.186024	0.19833	0.186998	0.122123	0.00573957	0.190072	0.197755	0.192901	0.196491	0.00586486	0.00796789	0.209998	0.245403	0.261499	0.211806	0.217882	0.00572473	0.205554	0.0174299	0.00189006	0.0114052	0.180136	0.0103205	0.0115617	0.0116531	0.0116907	0.0115981	0.0115981	0.164811	0.0114132	7.31945e-05	0.00314242	0.000473499	0.000215888	0.000259221	0.000228047	0	0.000239968	0.000150144	0
IIb-7	0.184163	0.186005	0.198311	0.186979	0.122109	0.00591695	0.190053	0.197742	0.192888	0.196478	0.00605279	0.00816399	0.211818	0.245391	0.261481	0.211793	0.217869	0.00591266	0.205535	0.0176576	0.00213939	0.0116681	0.180116	0.0105762	0.0118294	0.0119216	0.0119594	0.0118658	0.0118658	0.164799	0.0116782	0.000309587	0.00340712	0.000646114	0.000453055	0.00049746	0.00046593	0.000239968	0	0.000386715	0.000239968
IIb-8	0.1844	0.186242	0.198545	0.187216	0.122345	0.0057252	0.190289	0.197973	0.19312	0.19671	0.00585002	0.00794482	0.210213	0.245609	0.261704	0.21202	0.218095	0.0057103	0.205766	0.0173588	0.00174093	0.0113801	0.181186	0.0102984	0.0115358	0.0116218	0.0116593	0.0115721	0.0115721	0.167201	0.0113878	8.07047e-05	0.00314111	0.000479877	6.90818e-05	0.000266194	0.00023514	0.000150144	0.000386715	0	0.000150144
IIb-9	0.184182	0.186024	0.19833	0.186998	0.122123	0.00573957	0.190072	0.197755	0.192901	0.196491	0.00586486	0.00796789	0.209998	0.245403	0.261499	0.211806	0.217882	0.00572473	0.205554	0.0174299	0.00189006	0.0114052	0.180136	0.0103205	0.0115617	0.0116531	0.0116907	0.0115981	0.0115981	0.164811	0.0114132	7.31945e-05	0.00314242	0.000473499	0.000215888	0.000259221	0.000228047	0	0.000239968	0.000150144	0
