SAMPLE	Ia-10	Ia-1	Ia-2	Ia-3	Ia-4	Ia-5	Ia-6	Ia-7	Ia-8	Ia-9	Ib-10	Ib-1	Ib-2	Ib-3	Ib-4	Ib-5	Ib-6	Ib-7	Ib-8	Ib-9	II-1	IIa-10	IIa-1	IIa-2	IIa-3	IIa-4	IIa-5	IIa-6	IIa-7	IIa-8	IIa-9	IIb-10	IIb-1	IIb-2	IIb-3	IIb-4	IIb-5	IIb-6	IIb-7	IIb-8	IIb-9
Ia-10	0.985915	0.763889	0.565789	0.726027	0.0697674	0.00773369	0.694444	0.463768	0.638889	0.486111	0.00797827	0.00572061	0.397260.263889	0.225352	0.30137	0.375	0.00446659	0.307692	0.0046225	0.00555737	0.00484614	0.243243	0.00438703	0.00445489	0.00520059	0.00433276	0.00506987	0.00506987	0.091623	0.00503376	0.00698835	0.00727341	0.00700467	0.00696748	0.00701403	0.00700584	0.00700584	0.00700935	0.00696633	0.00700584	
Ia-1	0.763889	0.983333	0.647059	0.934426	0.0748299	0.00808489	0.769231	0.492063	0.666667	0.639344	0.00764656	0.00535747	0.4838710.311475	0.258065	0.294118	0.459016	0.00447504	0.302326	0.00463559	0.00490838	0.00472899	0.239437	0.00439292	0.00421053	0.00495663	0.00408821	0.00482614	0.00482614	0.0906667	0.00479174	0.00666223	0.00653473	0.00634391	0.00664231	0.00635239	0.00634497	0.00667891	0.00668226	0.00664121	0.00667891	
Ia-2	0.565789	0.647059	0.981132	0.632353	0.0804196	0.00690468	0.770492	0.5	0.584615	0.55	0.00696923	0.00462022	0.4576270.351852	0.245614	0.37931	0.45614	0.00326966	0.329114	0.00334965	0.00458565	0.00424706	0.267176	0.00354004	0.00371793	0.00446318	0.00359445	0.00433437	0.00433437	0.0961538	0.00430345	0.00482931	0.00504013	0.00450676	0.00481488	0.00451279	0.00450751	0.0048414	0.00484383	0.00481408	0.0048414	
Ia-3	0.726027	0.934426	0.632353	0.983051	0.0750853	0.00808625	0.727273	0.5	0.626866	0.596774	0.00730547	0.00535846	0.4444440.274194	0.222222	0.298507	0.419355	0.00447581	0.275862	0.00463679	0.00474476	0.00460774	0.232394	0.0042709	0.00408669	0.00470821	0.00408871	0.00470239	0.00470239	0.088	0.00466888	0.00649567	0.00634802	0.00617696	0.00647625	0.00618522	0.00617799	0.00651194	0.0065152	0.00647518	0.00651194	
Ia-4	0.0697674	0.0748299	0.0804196	0.0750853	0.996255	0.0385936	0.0798611	0.0286738	0.0631579	0.0388693	0.0364626	0.0378204	0.05494510.0494297	0.0344828	0.0405904	0.0516605	0.0323387	0.130435	0.0564334	0.0306252	0.0250765	0.0360111	0.0247601	0.0251413	0.0256349	0.0256503	0.025601	0.025601	0.0213816	0.0254146	0.0334464	0.0373662	0.0331984	0.0333494	0.0332468	0.0332038	0.0335277	0.0335386	0.0333441	0.0335277	
Ia-5	0.00773369	0.00808489	0.00690468	0.00808625	0.0385936	1	0.00774933	0.00512558	0.00579809	0.0059778	0.922047	0.868116	0.004782240.00290449	0.00260281	0.00341355	0.00444141	0.930907	0.0038623	0.620372	0.817253	0.600471	0.00565912	0.617019	0.591213	0.592228	0.591661	0.591377	0.591377	0.00828773	0.594155	0.798279	0.731868	0.794984	0.796355	0.799243	0.800182	0.795561	0.790235	0.795995	0.795561	
Ia-6	0.694444	0.769231	0.770492	0.727273	0.0798611	0.00774933	0.982143	0.666667	0.606061	0.696429	0.00816465	0.00591825	0.4354840.333333	0.233333	0.40678	0.433333	0.00413152	0.35	0.00464037	0.00573301	0.00497452	0.272059	0.00414938	0.00458545	0.00533234	0.00446318	0.00520124	0.00520124	0.0972973	0.00516415	0.005996	0.00634802	0.00567613	0.00597808	0.00568372	0.00567707	0.00601102	0.00601403	0.00597709	0.00601102	
Ia-7	0.463768	0.492063	0.5	0.5	0.0286738	0.00512558	0.666667	0.972973	0.459016	0.688889	0.00603865	0.00394144	0.2727270.14	0.14	0.422222	0.264151	0.00227114	0.30303	0.00183294	0.00465348	0.00418771	0.245902	0.0033449	0.00377406	0.00440584	0.00377644	0.00439975	0.00439975	0.0823864	0.0043679	0.00490279	0.00512043	0.00457627	0.00488792	0.00458248	0.00457705	0.00491525	0.00491692	0.00488709	0.00491525	
Ia-8	0.638889	0.666667	0.584615	0.626866	0.0631579	0.00579809	0.606061	0.459016	0.981481	0.373134	0.0065427	0.00411754	0.3809520.193548	0.237288	0.28125	0.33871	0.0022652	0.275	0.0013031	0.0036448	0.00368732	0.235294	0.00284302	0.00338898	0.00414469	0.00326469	0.00401355	0.00401355	0.0819672	0.00398456	0.00556868	0.0051088	0.00507528	0.00555088	0.00508216	0.00507614	0.00558281	0.0055847	0.00555088	0.00558281	
Ia-9	0.486111	0.639344	0.55	0.596774	0.0388693	0.0059778	0.696429	0.688889	0.373134	0.97619	0.00637931	0.00393775	0.4074070.285714	0.169811	0.4	0.403846	0.00314356	0.328571	0.00314054	0.00481648	0.00443186	0.248	0.0040877	0.00389741	0.00465467	0.00377311	0.00452261	0.00452261	0.0875706	0.0044899	0.00506842	0.00530605	0.00474255	0.00505306	0.00474898	0.00474335	0.0050813	0.00508302	0.00505221	0.0050813	
Ib-10	0.00797827	0.00764656	0.00696923	0.00730547	0.0364626	0.922047	0.00816465	0.00603865	0.0065427	0.00637931	1	0.880999	0.005863080.00362194	0.003331	0.00465517	0.00534667	0.942529	0.00526048	0.638225	0.815055	0.601103	0.00706238	0.611674	0.603318	0.604465	0.603525	0.603476	0.603476	0.00931922	0.599727	0.794518	0.743626	0.790909	0.792359	0.797082	0.796114	0.791793	0.786189	0.792239	0.791793	
Ib-1	0.00572061	0.00535747	0.00462022	0.00535846	0.0378204	0.868116	0.00591825	0.00394144	0.00411754	0.00393775	0.880999	1	0.00450620.00225394	0.0019084	0.00375657	0.00413223	0.892224	0.00424903	0.566426	0.753595	0.554365	0.00493151	0.561418	0.544822	0.544936	0.545247	0.544139	0.544139	0.00752394	0.547984	0.734874	0.667958	0.731214	0.733202	0.73722	0.736321	0.732137	0.7269	0.732757	0.732137	
Ib-2	0.39726	0.483871	0.457627	0.444444	0.0549451	0.00478224	0.435484	0.272727	0.380952	0.407407	0.00586308	0.0045062	0.9722220.583333	0.5	0.522727	0.810811	0.00384885	0.403226	0.00314548	0.00282064	0.00295203	0.19685	0.00284759	0.00251225	0.00326797	0.00301773	0.00313794	0.00313794	0.0674157	0.00324028	0.0035449	0.00321787	0.00321543	0.00353416	0.00321979	0.00321598	0.0035539	0.00338524	0.00353357	0.0035539	
Ib-3	0.263889	0.311475	0.351852	0.274194	0.0494297	0.00290449	0.333333	0.14	0.193548	0.285714	0.00362194	0.00225394	0.5833330.954545	0.571429	0.358974	0.65625	0.00210084	0.25	0.00315706	0.00149378	0.00159961	0.104	0.00173439	0.00100515	0.00176012	0.00150924	0.00163214	0.00163214	0.0368272	0.0017452	0.00135044	0.00151458	0.00135387	0.00134635	0.0013557	0.0013541	0.00135387	0.00135433	0.00134612	0.00135387	
Ib-4	0.225352	0.258065	0.245614	0.222222	0.0344828	0.00260281	0.233333	0.14	0.237288	0.169811	0.003331	0.0019084	0.50.571429	0.958333	0.325	0.558824	0.00177778	0.20339	0.00186966	0.00067465	0.00137655	0.088	0.00151095	0.000766675	0.00153433	0.0012791	0.00140449	0.00140449	0.0315186	0.0015213	0.000858222	0.000961538	0.000860141	0.000855432	0.000861178	0.000860141	0.000860437	0.000860882	0.000855432	0.000860437	
Ib-5	0.30137	0.294118	0.37931	0.298507	0.0405904	0.00341355	0.40678	0.422222	0.28125	0.4	0.00465517	0.00375657	0.5227270.358974	0.325	0.96875	0.47619	0.00227233	0.421053	0.00183438	0.0031551	0.00283042	0.204918	0.00235207	0.00251383	0.00314426	0.00314624	0.00313991	0.00313991	0.0653409	0.0032423	0.00337781	0.00340974	0.00304775	0.00336757	0.00305188	0.00304826	0.00338639	0.00338753	0.003367	0.00338639	
Ib-6	0.375	0.459016	0.45614	0.419355	0.0516605	0.00444141	0.433333	0.264151	0.33871	0.403846	0.00534667	0.00413223	0.8108110.65625	0.558824	0.47619	0.96875	0.00367583	0.4	0.00314878	0.00248921	0.00283007	0.184	0.002849	0.00226159	0.00301735	0.00276695	0.00288763	0.00288763	0.0651558	0.00299177	0.00286968	0.00302916	0.00270773	0.00286099	0.0027114	0.00270819	0.00287697	0.00287794	0.00286051	0.00287697	
Ib-7	0.00446659	0.00447504	0.00326966	0.00447581	0.0323387	0.930907	0.00413152	0.00227114	0.0022652	0.00314356	0.942529	0.892224	0.003848850.00210084	0.00177778	0.00227233	0.00367583	1	0.0027515	0.648963	0.813267	0.596485	0.00306279	0.610553	0.585999	0.586113	0.586446	0.585266	0.585266	0.00591432	0.590043	0.798751	0.728653	0.795579	0.79693	0.799603	0.800825	0.796009	0.790362	0.796445	0.796009	
Ib-8	0.307692	0.302326	0.329114	0.275862	0.130435	0.0038623	0.35	0.30303	0.275	0.328571	0.00526048	0.00424903	0.4032260.25	0.20339	0.421053	0.4	0.0027515	0.981818	0.00205708	0.00326958	0.00339353	0.205674	0.00268195	0.00297103	0.00371609	0.00346964	0.00358733	0.00358733	0.0746667	0.00356178	0.00399002	0.00409912	0.00366606	0.00397878	0.00367095	0.00366667	0.004	0.004002	0.00397746	0.004	
Ib-9	0.0046225	0.00463559	0.00334965	0.00463679	0.0564334	0.620372	0.00464037	0.00183294	0.0013031	0.00314054	0.638225	0.566426	0.003145480.00315706	0.00186966	0.00183438	0.00314878	0.648963	0.00205708	1	0.529861	0.396621	0.0020248	0.399264	0.391219	0.391335	0.391561	0.390721	0.390721	0.00654664	0.392721	0.53096	0.496194	0.532278	0.529403	0.533023	0.532361	0.528173	0.524266	0.529403	0.528173	
II-1	0.00555737	0.00490838	0.00458565	0.00474476	0.0306252	0.817253	0.00573301	0.00465348	0.0036448	0.00481648	0.815055	0.753595	0.002820640.00149378	0.00067465	0.0031551	0.00248921	0.813267	0.00326958	0.529861	1	0.663675	0.00633117	0.692726	0.663597	0.661875	0.661033	0.662757	0.662757	0.00901038	0.663841	0.927825	0.820833	0.916097	0.929707	0.924384	0.925631	0.92502	0.915747	0.930631	0.92502	
IIa-10	0.00484614	0.00472899	0.00424706	0.00460774	0.0250765	0.600471	0.00497452	0.00418771	0.00368732	0.00443186	0.601103	0.554365	0.002952030.00159961	0.00137655	0.00283042	0.00283007	0.596485	0.00339353	0.396621	0.663675	1	0.0140914	0.937673	0.934198	0.933851	0.933387	0.935473	0.935473	0.0278457	0.944863	0.649293	0.586274	0.643907	0.647019	0.650995	0.6504	0.647354	0.641434	0.647923	0.647354	
IIa-1	0.243243	0.239437	0.267176	0.232394	0.0360111	0.00565912	0.272059	0.245902	0.235294	0.248	0.00706238	0.00493151	0.196850.104	0.088	0.204918	0.184	0.00306279	0.205674	0.0020248	0.00633117	0.0140914	0.991667	0.0133187	0.0132672	0.0128952	0.0123993	0.0146311	0.0146311	0.326761	0.0139026	0.00775962	0.00813459	0.00728115	0.00757202	0.0072908	0.00728236	0.00777888	0.00778275	0.00757077	0.00777888	
IIa-2	0.00438703	0.00439292	0.00354004	0.0042709	0.0247601	0.617019	0.00414938	0.0033449	0.00284302	0.0040877	0.611674	0.561418	0.002847590.00173439	0.00151095	0.00235207	0.002849	0.610553	0.00268195	0.399264	0.692726	0.937673	0.0133187	1	0.924388	0.92404	0.923576	0.925664	0.925664	0.0230463	0.927275	0.674548	0.605285	0.667554	0.673146	0.673086	0.674014	0.672578	0.666512	0.673106	0.672578	
IIa-3	0.00445489	0.00421053	0.00371793	0.00408669	0.0251413	0.591213	0.00458545	0.00377406	0.00338898	0.00389741	0.603318	0.544822	0.002512250.00100515	0.000766675	0.00251383	0.00226159	0.585999	0.00297103	0.391219	0.663597	0.934198	0.0132672	0.924388	1	0.996882	0.996402	0.998561	0.998561	0.0251692	0.948375	0.645783	0.59838	0.640221	0.644437	0.647379	0.64678	0.643821	0.63784	0.644404	0.643821	
IIa-4	0.00520059	0.00495663	0.00446318	0.00470821	0.0256349	0.592228	0.00533234	0.00440584	0.00414469	0.00465467	0.604465	0.544936	0.003267970.00176012	0.00153433	0.00314426	0.00301735	0.586113	0.00371609	0.391335	0.661875	0.933851	0.0128952	0.92404	0.996882	1	0.9988	0.998201	0.998201	0.0249347	0.94848	0.64373	0.596341	0.638175	0.642504	0.645318	0.644722	0.64177	0.635799	0.642471	0.64177	
IIa-5	0.00433276	0.00408821	0.00359445	0.00408871	0.0256503	0.591661	0.00446318	0.00377644	0.00326469	0.00377311	0.603525	0.545247	0.003017730.00150924	0.0012791	0.00314624	0.00276695	0.586446	0.00346964	0.391561	0.661033	0.933387	0.0123993	0.923576	0.996402	0.9988	1	0.997722	0.997722	0.0243381	0.947554	0.64289	0.595498	0.637337	0.641666	0.644475	0.64388	0.640931	0.634963	0.641633	0.640931	
IIa-6	0.00506987	0.00482614	0.00433437	0.00470239	0.025601	0.591377	0.00520124	0.00439975	0.00401355	0.00452261	0.603476	0.544139	0.003137940.00163214	0.00140449	0.00313991	0.00288763	0.585266	0.00358733	0.390721	0.662757	0.935473	0.0146311	0.925664	0.998561	0.998201	0.997722	1	1	0.0264751	0.949666	0.644964	0.597608	0.63941	0.643621	0.646556	0.645958	0.643005	0.637033	0.643588	0.643005	
IIa-7	0.00506987	0.00482614	0.00433437	0.00470239	0.025601	0.591377	0.00520124	0.00439975	0.00401355	0.00452261	0.603476	0.544139	0.003137940.00163214	0.00140449	0.00313991	0.00288763	0.585266	0.00358733	0.390721	0.662757	0.935473	0.0146311	0.925664	0.998561	0.998201	0.997722	1	1	0.0264751	0.949666	0.644964	0.597608	0.63941	0.643621	0.646556	0.645958	0.643005	0.637033	0.643588	0.643005	
IIa-8	0.091623	0.0906667	0.0961538	0.088	0.0213816	0.00828773	0.0972973	0.0823864	0.0819672	0.0875706	0.00931922	0.00752394	0.06741570.0368272	0.0315186	0.0653409	0.0651558	0.00591432	0.0746667	0.00654664	0.00901038	0.0278457	0.326761	0.0230463	0.0251692	0.0249347	0.0243381	0.0264751	0.0264751	0.997214	0.027129	0.0110266	0.00987526	0.0107393	0.0108409	0.0107544	0.010741	0.0115193	0.0115229	0.0108393	0.0115193	
IIa-9	0.00503376	0.00479174	0.00430345	0.00466888	0.0254146	0.594155	0.00516415	0.0043679	0.00398456	0.0044899	0.599727	0.547984	0.003240280.0017452	0.0015213	0.0032423	0.00299177	0.590043	0.00356178	0.392721	0.663841	0.944863	0.0139026	0.927275	0.948375	0.94848	0.947554	0.949666	0.949666	0.027129	1	0.649127	0.587867	0.643587	0.647173	0.650726	0.650127	0.647174	0.641211	0.647747	0.647174	
IIb-10	0.00698835	0.00666223	0.00482931	0.00649567	0.0334464	0.798279	0.005996	0.00490279	0.00556868	0.00506842	0.794518	0.734874	0.00354490.00135044	0.000858222	0.00337781	0.00286968	0.798751	0.00399002	0.53096	0.927825	0.649293	0.00775962	0.674548	0.645783	0.64373	0.64289	0.644964	0.644964	0.0110266	0.649127	1	0.882675	0.983293	0.993888	0.992101	0.99339	0.996933	0.987122	0.99662	0.996933	
IIb-1	0.00727341	0.00653473	0.00504013	0.00634802	0.0373662	0.731868	0.00634802	0.00512043	0.0051088	0.00530605	0.743626	0.667958	0.003217870.00151458	0.000961538	0.00340974	0.00302916	0.728653	0.00409912	0.496194	0.820833	0.586274	0.00813459	0.605285	0.59838	0.596341	0.595498	0.597608	0.597608	0.00987526	0.587867	0.882675	1	0.878568	0.880122	0.889789	0.888637	0.879774	0.87062	0.87982	0.879774	
IIb-2	0.00700467	0.00634391	0.00450676	0.00617696	0.0331984	0.794984	0.00567613	0.00457627	0.00507528	0.00474255	0.790909	0.731214	0.003215430.00135387	0.000860141	0.00304775	0.00270773	0.795579	0.00366606	0.532278	0.916097	0.643907	0.00728115	0.667554	0.640221	0.638175	0.637337	0.63941	0.63941	0.0107393	0.643587	0.983293	0.878568	1	0.977433	0.988063	0.989353	0.980402	0.973397	0.980141	0.980402	
IIb-3	0.00696748	0.00664231	0.00481488	0.00647625	0.0333494	0.796355	0.00597808	0.00488792	0.00555088	0.00505306	0.792359	0.733202	0.003534160.00134635	0.000855432	0.00336757	0.00286099	0.79693	0.00397878	0.529403	0.929707	0.647019	0.00757202	0.673146	0.644437	0.642504	0.641666	0.643621	0.643621	0.0108409	0.647173	0.993888	0.880122	0.977433	1	0.986187	0.987472	0.990992	0.981235	0.997105	0.990992	
IIb-4	0.00701403	0.00635239	0.00451279	0.00618522	0.0332468	0.799243	0.00568372	0.00458248	0.00508216	0.00474898	0.797082	0.73722	0.003219790.0013557	0.000861178	0.00305188	0.0027114	0.799603	0.00367095	0.533023	0.924384	0.650995	0.0072908	0.673086	0.647379	0.645318	0.644475	0.646556	0.646556	0.0107544	0.650726	0.992101	0.889789	0.988063	0.986187	1	0.998543	0.989199	0.979425	0.98891	0.989199	
IIb-5	0.00700584	0.00634497	0.00450751	0.00617799	0.0332038	0.800182	0.00567707	0.00457705	0.00507614	0.00474335	0.796114	0.736321	0.003215980.0013541	0.000860141	0.00304826	0.00270819	0.800825	0.00366667	0.532361	0.925631	0.6504	0.00728236	0.674014	0.64678	0.644722	0.64388	0.645958	0.645958	0.010741	0.650127	0.99339	0.888637	0.989353	0.987472	0.998543	1	0.990488	0.980711	0.990196	0.990488	
IIb-6	0.00700584	0.00667891	0.0048414	0.00651194	0.0335277	0.795561	0.00601102	0.00491525	0.00558281	0.0050813	0.791793	0.732137	0.00355390.00135387	0.000860437	0.00338639	0.00287697	0.796009	0.004	0.528173	0.92502	0.647354	0.00777888	0.672578	0.643821	0.64177	0.640931	0.643005	0.643005	0.0115193	0.647174	0.996933	0.879774	0.980402	0.990992	0.989199	0.990488	1	0.989995	0.993723	1	
IIb-7	0.00700935	0.00668226	0.00484383	0.0065152	0.0335386	0.790235	0.00601403	0.00491692	0.0055847	0.00508302	0.786189	0.7269	0.003385240.00135433	0.000860882	0.00338753	0.00287794	0.790362	0.004002	0.524266	0.915747	0.641434	0.00778275	0.666512	0.63784	0.635799	0.634963	0.637033	0.637033	0.0115229	0.641211	0.987122	0.87062	0.973397	0.981235	0.979425	0.980711	0.989995	1	0.983951	0.989995	
IIb-8	0.00696633	0.00664121	0.00481408	0.00647518	0.0333441	0.795995	0.00597709	0.00488709	0.00555088	0.00505221	0.792239	0.732757	0.003533570.00134612	0.000855432	0.003367	0.00286051	0.796445	0.00397746	0.529403	0.930631	0.647923	0.00757077	0.673106	0.644404	0.642471	0.641633	0.643588	0.643588	0.0108393	0.647747	0.99662	0.87982	0.980141	0.997105	0.98891	0.990196	0.993723	0.983951	1	0.993723	
IIb-9	0.00700584	0.00667891	0.0048414	0.00651194	0.0335277	0.795561	0.00601102	0.00491525	0.00558281	0.0050813	0.791793	0.732137	0.00355390.00135387	0.000860437	0.00338639	0.00287697	0.796009	0.004	0.528173	0.92502	0.647354	0.00777888	0.672578	0.643821	0.64177	0.640931	0.643005	0.643005	0.0115193	0.647174	0.996933	0.879774	0.980402	0.990992	0.989199	0.990488	1	0.989995	0.993723	1	
